1	7	0	0	100	26	0	0	0	0	1	5.28	23	1	3.5	50	17
1	7	0	0	100	26	0	0	0	0	1	5.28	23	1	3.5	50	31
2	8	0	0	66.66	27	2	33.3	25	2	8	 inf	72	1	4	25	31
2	8	0	0	66.66	27	3	33.3	25	2	8	 inf	72	1	4	25	31
2	8	0	0	60.4	27	2	39.6	27	3	3	5	72	1	4	40	31
2	8	0	0	60.4	27	2	39.6	27	3	3	5	72	1	4	40	5
2	0	0	0	50	26	0	50	78	0	1	28	26	3	3	37	31
1	7	16	0	100	30	2	0	0	0	1	6.5	56	1	3.8	25	31
1	7	16	0	100	30	2	0	0	0	1	6.5	56	1	3.8	25	17
2	7	34	0	100	27	2	0	0	0	1	15	72	1	3.5	25	31
2	8	0	0	62	58	4	38	58	3	1	3.8	28	9	4.5	37	31
2	8	0	0	100	58	4	23.9	58	3	8	8	72	1	4	25	31
2	8	16	0	100	58	4	23.9	58	3	8	8	105	1	4	25	31
2	7	0	0	100	26	3	0	0	0	4	 inf	72	1	3.8	37	31
2	7	0	0	100	26	3	0	0	0	4	 inf	72	1	3.8	37	23
1	7	0	0	100	26	3	0	0	0	4	 inf	72	1	3.8	37	31
1	7	0	0	100	26	3	0	0	0	4	 inf	72	1	3.8	37	17
1	7	0	0	100	26	3	0	0	0	4	 inf	72	1	3.8	37	23
2	7	16	0	66.6	29	1	33.3	42	6	9	28	97	19	7	25	4
1	7	16	0	66.6	29	1	33.3	42	6	9	28	97	1	4	37	31
1	7	16	0	66.6	29	1	33.3	42	6	9	28	97	1	4	37	17
1	8	0	0	94.94	26	3	5.06	78	0	8	140	83	1	4.5	25	31
1	8	0	0	94.94	26	3	5.06	78	0	8	140	83	1	4.5	25	17
1	0	0	0	78.43	26	3	21.57	78	0	8	140	83	1	4.5	25	31
1	0	0	0	78.43	26	3	21.57	78	0	8	140	83	1	4.5	25	17
1	8	0	0	66.67	26	3	33.3	26	2	1	12.5	83	1	4.5	25	31
1	8	0	0	66.67	26	3	33.3	26	2	1	12.5	83	1	4.5	25	17
1	7	0	0	100	78	0	0	0	0	1	 inf	23	1	4.5	25	31
1	7	0	0	100	78	0	0	0	0	1	 inf	23	1	4.5	25	17
2	7	0	0	100	78	0	0	0	0	1	 inf	23	1	4.5	25	31
1	7	0	0	100	78	0	0	0	0	1	 inf	23	1	4.5	25	31
1	7	0	0	100	78	0	0	0	0	1	 inf	23	1	4.5	25	17
2	7	0	0	100	78	0	0	0	0	1	 inf	23	1	4.5	25	31
1	8	0	0	47.79	27	3	28.31	26	3	4	1250	72	1	3.5	37	17
1	8	0	0	47.79	27	3	28.31	26	3	4	1250	72	1	3.5	37	31
1	8	0	0	49.76	26	3	33.55	27	3	4	1250	72	1	3.5	37	17
1	8	0	0	49.76	26	3	33.55	27	3	4	1250	72	1	3.5	37	31
1	8	0	0	66.6	27	3	33.3	27	2	4	1250	72	1	3.5	37	17
1	8	0	0	66.6	27	3	33.3	27	2	4	1250	72	1	3.5	37	31
2	7	0	0	100	29	2	0	0	0	13	500	72	9	8	25	2
2	7	0	0	100	29	2	0	0	0	13	500	72	9	8	25	19
2	8	0	0	100	58	4	0	0	0	7	 inf	75	9	8	25	2
2	0	0	0	100	78	0	0	0	0	1	4	97	9	8	25	2
1	7	0	0	100	26	3	0	0	0	4	150	72	1	3.6	45	31
1	7	0	0	100	26	3	0	0	0	4	150	72	1	3.6	45	17
2	0	0	0	75	78	0	25	46	0	8	11	72	1	4	30	31
1	15	0	0	100	26	3	0	0	0	1	 inf	23	17	6	55	6
2	0	0	0	100	78	0	0	0	0	7	3.3	23	10	5	25	22
2	0	0	0	100	78	0	0	0	0	7	3.3	23	10	5	25	8
1	16	0	0	100	29	2	0	0	0	1	500	93	1	4	25	31
1	16	0	0	100	29	2	0	0	0	1	500	93	1	4	25	17
1	16	0	0	100	29	2	0	0	0	7	40	72	9	7	25	31
1	16	0	0	100	29	2	0	0	0	7	40	72	9	7	25	17
1	7	16	0	100	29	2	0	0	0	7	40	13	9	7	25	31
1	7	16	0	100	29	2	0	0	0	7	40	13	9	7	25	17
1	7	16	0	100	29	2	0	0	0	3	50	97	1	4	25	31
1	7	16	0	100	29	2	0	0	0	3	50	97	1	4	25	17
1	7	8	16	100	29	2	0	0	0	7	10	17	1	4	25	31
1	7	8	16	100	29	2	0	0	0	7	10	17	1	4	25	17
1	14	0	0	50	29	2	50	27	2	7	2	68	1	4	25	31
1	14	0	0	50	29	2	50	27	2	7	2	68	1	4	25	17
1	7	16	0	100	29	2	0	0	0	14	45	98	1	4	40	31
1	7	16	0	100	29	2	0	0	0	14	45	98	1	4	40	17
1	8	16	0	100	29	2	0	0	0	6	600	99	1	4.4	25	31
1	8	16	0	100	29	2	0	0	0	6	600	99	1	4.4	25	17
1	8	0	0	100	22	4	0	0	0	8	70	72	1	3.5	40	31
1	8	0	0	100	22	4	0	0	0	8	70	72	1	3.5	40	17
1	16	0	0	100	29	2	0	0	0	8	 inf	72	1	4	25	31
1	16	0	0	100	29	2	0	0	0	8	 inf	72	1	4	25	17
1	16	0	0	100	27	2	0	0	0	1	3000	72	1	3.5	25	31
1	16	0	0	100	27	2	0	0	0	1	3000	72	1	3.5	25	17
1	7	16	0	100	29	2	0	0	0	7	30	16	2	3	35	31
1	7	16	0	100	29	2	0	0	0	7	30	16	2	3	35	17
1	7	16	0	100	42	4	0	0	0	9	100	55	1	4	25	31
1	7	16	0	100	42	4	0	0	0	9	100	55	1	4	25	17
1	7	16	0	100	29	2	0	13	3	1	28	68	1	3.8	25	31
1	7	16	0	100	29	2	0	13	3	1	28	68	1	3.8	25	17
2	8	0	0	100	28	2	0	0	0	1	20	0	6	7.4	25	6
1	0	0	0	80	79	0	20	78	0	8	72	96	9	4.5	37	31
1	0	0	0	80	79	0	20	78	0	8	72	79	9	4.5	37	31
1	0	0	0	80	79	0	20	78	0	8	72	96	9	4.5	37	5
1	0	0	0	80	79	0	20	78	0	8	72	79	9	4.5	37	5
1	0	0	0	80	79	0	20	78	0	8	72	96	9	4.5	37	23
1	0	0	0	85.47	79	0	14.53	78	0	8	72	96	9	4.5	37	23
1	0	0	0	90.91	79	0	9.09	78	0	8	72	96	9	4.5	37	23
1	0	0	0	80	79	0	20	78	0	1	40	6	12	5	25	31
1	0	0	0	80	79	0	20	78	0	1	40	6	12	5	25	17
2	0	0	0	100	29	0	0	0	0	1	 inf	23	19	7	37	23
2	7	0	0	100	79	0	0	0	0	1	1.72	0	1	5	25	31
2	7	0	0	100	79	0	0	0	0	1	1.72	53	1	5	25	31
2	7	8	0	100	79	0	0	0	0	1	1.72	49	1	5	25	31
2	7	8	0	100	79	0	0	0	0	1	1.72	101	1	5	25	31
2	7	15	0	100	29	2	0	0	0	12	 inf	14	7	6.7	25	1
1	0	0	0	74.25	27	2	25.75	25	2	1	500	72	1	5.5	25	31
1	0	0	0	58.82	25	2	41.18	27	2	9	 inf	72	1	4	35	31
2	0	0	0	58.82	25	2	41.18	27	2	9	 inf	72	1	4	35	17
2	8	0	0	40	27	3	40	29	2	4	607	72	1	4	40	31
2	8	0	0	85.5	58	4	14.5	58	3	7	9	72	1	4	25	31
2	8	0	0	85.5	58	4	14.5	58	3	7	15.1	75	1	4	25	31
2	8	0	0	85.5	58	4	14.5	58	3	7	40.2	75	1	4	25	31
2	8	15	0	85.5	58	4	14.5	58	3	7	27.2	82	1	4	25	31
2	8	15	0	85.5	58	4	14.5	58	3	7	31.7	82	1	4	25	31
1	8	0	0	85.5	58	4	14.5	58	3	7	9	72	1	4	25	31
1	8	0	0	85.5	58	4	14.5	58	3	7	15.1	75	1	4	25	17
1	8	0	0	85.5	58	4	14.5	58	3	7	15.1	75	1	4	25	31
1	8	0	0	85.5	58	4	14.5	58	3	7	40.2	75	1	4	25	31
1	8	15	0	85.5	58	4	14.5	58	3	7	27.2	82	1	4	25	17
1	8	15	0	85.5	58	4	14.5	58	3	7	27.2	82	1	4	25	31
1	8	15	0	85.5	58	4	14.5	58	3	7	31.7	82	1	4	25	31
1	0	0	0	100	77	0	0	0	0	1	2.5	28	1	3.5	25	31
1	8	0	0	100	58	4	0	0	0	1	100	34	3	4	25	31
1	8	0	0	100	58	4	0	0	0	1	14	34	3	7	25	31
2	8	0	0	100	58	4	0	0	0	1	5	75	3	4	25	31
1	8	0	0	100	58	4	0	0	0	1	12	75	3	4	25	31
2	8	0	0	100	58	4	0	0	0	1	5	75	3	5	25	31
1	8	0	0	100	58	4	0	0	0	1	5	75	3	6	25	31
1	8	0	0	100	58	4	0	0	0	1	5	75	3	7	25	31
1	16	0	0	100	26	2	0	0	0	1	50	32	9	7	26	31
1	16	0	0	100	26	2	0	0	0	1	50	32	9	7	26	17
1	16	0	0	100	23	5	0	0	0	10	500	72	13	4	25	5
1	16	0	0	100	23	5	0	0	0	10	500	72	13	4	25	17
1	7	0	0	100	44	0	0	0	0	13	6.2	97	13	4	22	31
1	7	0	0	100	44	0	0	0	0	13	6.2	97	13	4	22	17
1	7	0	0	100	78	0	0	0	0	13	5.6	97	13	4	22	31
1	7	0	0	100	78	0	0	0	0	13	5.6	97	13	4	22	17
1	7	16	0	74	78	0	26	78	2	1	1.87	10	13	4	37	31
1	7	16	0	74	78	0	26	78	2	1	1.87	10	13	4	37	17
1	16	0	0	85.47	79	0	14.53	78	0	8	68	96	9	4.5	30	31
1	16	0	0	85.47	79	0	14.53	78	0	8	68	96	9	4.5	30	31
1	16	0	0	80	79	0	20	78	0	8	68	96	9	4.5	30	31
1	16	0	0	80	79	0	20	78	0	8	68	96	9	4.5	30	31
1	8	0	0	66.7	26	2	33.3	26	3	1	30	72	13	3.5	40	31
1	8	0	0	66.7	26	2	33.3	26	3	1	30	72	13	3.5	40	17
1	8	0	0	66.7	26	2	33.3	26	3	1	180	23	13	4	25	31
1	8	0	0	66.7	26	2	33.3	26	3	1	180	23	13	4	25	17
1	7	0	0	100	30	2	0	0	0	16	130	23	13	4.5	25	31
1	7	0	0	100	30	2	0	0	0	16	130	23	13	4.5	25	17
1	7	0	0	100	46	0	0	0	0	16	22	97	13	4	25	31
1	7	0	0	100	46	0	0	0	0	16	22	97	13	4	25	17
1	7	0	0	63.8	46	0	36.2	78	0	16	22	97	13	4	25	31
1	7	0	0	63.8	46	0	36.2	78	0	16	22	97	13	4	25	17
1	7	0	0	100	78	0	0	0	0	16	22	97	13	4	25	31
1	7	0	0	100	78	0	0	0	0	16	22	97	13	4	25	17
1	8	0	0	100	58	4	0	0	0	8	100	72	0	5.6	25	17
1	8	0	0	100	58	4	0	0	0	8	100	72	19	5.6	25	9
1	8	0	0	100	58	4	0	0	0	8	100	72	19	5.6	25	24
1	0	0	0	100	79	0	0	0	0	1	5	62	10	3	25	17
1	0	0	0	100	79	0	0	0	0	1	5	62	10	4.5	25	17
1	0	0	0	100	79	0	0	0	0	1	5	62	10	5	25	17
1	0	0	0	100	79	0	0	0	0	1	5	62	10	6.5	25	17
1	0	0	0	100	79	0	0	0	0	1	5	62	10	8.5	25	17
1	0	0	0	80	29	0	20	13	3	9	80	23	9	3.5	60	17
1	0	0	0	80	29	0	20	13	3	9	80	23	9	3.5	60	31
1	7	34	0	100	29	2	0	0	0	9	58	72	13	5	21	17
1	7	34	0	100	29	2	0	0	0	9	58	72	13	5	21	31
1	7	34	0	100	29	2	0	0	0	1	40	96	2	4.56	25	17
1	7	34	0	100	29	2	0	0	0	1	40	96	2	4.56	25	31
1	7	34	0	100	29	2	0	0	0	9	58	72	10	7.4	21	16
1	7	34	0	100	29	2	0	0	0	9	58	72	10	7.4	21	17
1	7	34	0	100	29	2	0	0	0	9	246	72	10	7.4	21	16
1	7	34	0	100	29	2	0	0	0	9	246	72	10	7.4	21	17
1	7	34	0	100	29	2	0	0	0	3	149	54	10	7.4	21	16
1	7	34	0	100	29	2	0	0	0	3	149	54	10	7.4	21	17
1	16	0	0	100	42	4	0	0	0	9	100	72	13	4	25	31
1	16	0	0	100	42	4	0	0	0	9	100	72	13	4	25	17
1	7	8	0	60	47	0	40	29	0	9	36.4	99	13	3.8	35	31
2	7	8	0	60	47	0	40	29	0	9	36.4	99	13	3.8	35	17
1	7	8	0	100	47	0	0	0	0	9	10.2	99	13	3.8	35	31
1	7	8	0	100	47	0	0	0	0	9	10.2	99	13	3.8	35	17
1	7	8	0	100	29	1	0	0	0	9	22.7	99	13	3.8	35	31
1	7	8	0	100	29	1	0	0	0	9	22.7	99	13	3.8	35	17
1	7	0	0	100	29	0	0	0	0	1	100	4	9	3	25	31
1	7	0	0	100	29	0	0	0	0	1	100	4	9	3	25	17
1	7	0	0	100	79	0	0	0	0	1	25	47	13	3.8	40	31
1	7	0	0	100	79	0	0	0	0	1	25	47	13	3.8	40	17
1	7	0	0	100	79	0	0	0	0	9	25	47	13	3.8	40	31
1	7	0	0	100	79	0	0	0	0	9	25	47	13	3.8	40	17
1	7	0	0	100	79	0	0	0	0	9	25	47	13	3.8	40	31
1	7	0	0	100	79	0	0	0	0	9	25	47	13	3.8	40	17
1	7	0	0	100	79	0	0	0	0	1	25	28	13	3.8	40	31
1	7	0	0	100	79	0	0	0	0	1	25	28	13	3.8	40	17
1	7	16	0	50	79	0	50	47	0	1	11.4	10	13	3.6	37	31
1	7	0	0	100	79	0	0	0	0	1	275	23	13	4.5	25	31
1	7	0	0	100	79	0	0	0	0	1	275	23	13	4.5	25	31
1	7	0	0	100	79	0	0	0	0	1	275	23	13	4.5	25	17
1	8	0	0	100	23	5	0	0	0	8	100	72	10	7.4	25	16
1	8	0	0	100	23	5	0	0	0	8	100	72	10	7.4	25	17
2	8	14	0	100	42	6	0	0	0	8	250	72	10	7.4	25	16
2	8	14	0	100	42	6	0	0	0	8	250	72	10	7.4	25	17
2	7	8	0	100	26	3	0	0	0	3	10.5	94	13	4.6	25	31
2	7	8	0	100	26	3	0	0	0	3	10.5	94	13	4.6	25	17
1	8	0	0	66.7	27	3	33.3	27	2	3	20	72	13	5	25	31
1	8	0	0	66.7	27	3	33.3	27	2	3	20	72	13	5	25	17
1	7	8	16	66.7	27	3	33.3	27	2	1	7.2	72	13	3.6	25	31
1	7	8	16	66.7	27	3	33.3	27	2	1	7.2	72	13	3.6	25	17
1	7	8	16	66.7	26	3	33.3	26	2	1	8.1	72	13	3.6	25	31
1	7	8	16	66.7	26	3	33.3	26	2	1	8.1	72	13	3.6	25	17
1	7	0	0	100	77	0	0	0	0	1	1.5	97	10	4.5	25	31
1	7	0	0	100	77	0	0	0	0	1	1.5	97	10	4.5	25	17
1	7	16	0	100	79	0	0	0	0	1	2	10	13	3	40	31
1	7	16	0	100	79	0	0	0	0	1	2	10	13	3	40	17
1	7	8	15	100	26	3	0	0	0	6	6000	97	13	3.6	55	31
1	7	8	15	100	26	3	0	0	0	6	6000	97	13	3.6	55	17
1	0	0	0	90	78	0	10	46	0	1	40	87	9	4	15	31
1	0	0	0	90	78	0	10	46	0	1	40	87	9	4	15	17
1	7	0	0	100	42	4	0	0	0	1	1.38	72	10	6.6	25	31
1	7	0	0	100	42	4	0	0	0	1	1.38	72	10	6.6	25	17
1	7	0	0	100	42	4	0	0	0	1	14.5	23	10	6.6	25	31
1	7	0	0	100	42	4	0	0	0	1	14.5	23	10	6.6	25	17
1	8	53	0	100	83	3	0	0	0	9	40	72	18	7	25	6
1	8	53	0	98.99	83	3	1.01	79	0	9	40	72	18	7	25	6
1	8	53	0	83.98	83	3	16.02	79	0	9	40	72	18	7	25	6
1	8	17	53	79.12	83	3	20.88	79	0	9	50	72	18	7	25	6
1	16	0	0	100	23	4	0	0	0	9	4500	72	13	4	25	31
1	16	0	0	100	23	4	0	0	0	9	4500	72	13	4	25	17
1	16	0	0	66.7	26	3	33.3	26	2	1	76	30	19	6.78	25	31
1	16	0	0	66.7	26	3	33.3	26	2	1	76	30	19	6.78	25	17
1	16	0	0	100	74	4	0	0	0	9	95	72	17	6.9	60	31
1	16	0	0	100	74	4	0	0	0	9	95	72	17	6.9	60	17
1	16	0	0	100	42	4	0	0	0	9	100	72	17	6.9	30	31
1	16	0	0	100	42	4	0	0	0	9	100	72	17	6.9	30	17
1	16	0	0	47.54	26	3	42.62	29	1	1	12	70	13	4.2	25	31
1	16	0	0	47.54	26	3	42.62	29	1	1	12	70	13	4.2	25	31
1	7	8	0	100	29	2	0	0	0	3	200	97	13	4.5	25	31
1	7	8	0	100	29	2	0	0	0	3	200	97	13	4.5	25	17
1	7	8	0	66.67	29	2	33.33	58	4	9	7500	72	9	3	25	31
1	7	8	0	66.67	29	2	33.33	58	4	9	7500	72	9	3	25	17
1	8	0	0	61.29	42	6	38.71	26	3	6	2000	72	10	4	25	31
1	8	0	0	61.29	42	6	38.71	26	3	6	2000	72	10	4	25	17
1	0	0	0	100	29	0	0	0	0	1	2	116	10	6	30	31
1	0	0	0	100	29	0	0	0	0	1	2	116	10	6	30	17
1	7	0	0	100	29	0	0	0	0	1	1	17	10	6	30	31
1	7	0	0	100	29	0	0	0	0	1	1	17	10	6	30	17
1	8	0	0	66.7	26	3	33.3	30	2	1	200	80	13	4	40	31
1	8	0	0	66.7	26	3	33.3	30	2	1	200	80	13	4	40	17
1	16	0	0	100	26	2	0	0	0	8	150	97	13	4	25	31
1	16	0	0	100	26	2	0	0	0	8	150	97	13	4	25	17
1	34	0	0	100	26	2	0	0	0	1	6	97	13	4	25	31
1	34	0	0	100	26	2	0	0	0	1	6	97	13	4	25	17
1	8	35	0	100	83	3	0	0	0	1	1500	72	13	4	40	31
1	8	35	0	100	83	3	0	0	0	1	1500	72	13	4	40	17
1	0	0	0	50	26	0	50	27	0	1	12.8	97	13	4	35	31
1	0	0	0	50	26	0	50	27	0	1	12.8	97	13	4	35	17
1	0	0	0	100	26	0	0	0	0	1	12.8	97	13	3.5	45	31
1	0	0	0	100	26	0	0	0	0	1	12.8	97	13	3.5	45	17
1	0	0	0	100	27	0	0	0	0	1	12.8	97	13	3.5	45	31
2	0	0	0	100	27	0	0	0	0	1	12.8	97	13	3.5	45	17
2	8	0	0	100	23	4	0	0	0	8	103.1	72	13	5	25	31
2	8	0	0	100	23	4	0	0	0	8	103.1	72	13	5	25	17
2	8	0	0	66.7	26	3	33.3	26	2	1	8	47	10	4	40	31
1	8	0	0	66.7	26	3	33.3	26	2	1	8	47	10	4	40	17
2	7	14	17	100	26	3	0	0	0	1	100	104	10	7.4	40	31
1	7	14	17	100	26	3	0	0	0	1	100	104	10	7.4	40	17
1	8	0	0	66.7	27	3	33.3	27	2	9	1160	11	12	4.4	40	31
2	8	0	0	66.7	27	3	33.3	27	2	9	1160	11	12	4.4	40	17
2	8	0	0	100	58	4	0	0	0	3	11	72	13	4	45	31
2	8	0	0	100	58	4	0	0	0	3	11	72	13	4	45	17
2	5	7	0	100	78	0	0	0	0	1	22.5	16	13	4	25	31
2	5	7	0	100	78	0	0	0	0	1	22.5	16	13	4	25	17
2	7	16	0	66.7	47	0	33.3	74	4	9	1000	17	13	4	25	31
2	7	0	0	66.7	47	0	33.3	74	4	9	1000	17	13	4	25	17
2	7	0	0	100	74	4	0	0	0	9	1000	72	13	4	25	31
2	16	0	0	100	74	4	0	0	0	9	1000	72	13	4	25	17
2	7	0	0	100	47	0	0	0	0	1	1.6	17	13	4	25	31
1	7	0	0	100	47	0	0	0	0	1	1.6	17	13	4	25	17
1	7	0	0	75	46	0	25	26	3	17	17	25	13	3.62	37	5
1	7	0	0	75	46	0	25	26	3	17	17	25	13	3.62	37	17
1	0	0	0	100	74	4	0	0	0	8	175	72	1	4	25	31
1	0	0	0	100	74	4	0	0	0	8	175	72	1	4	25	17
1	0	0	0	100	78	0	0	0	0	1	30	28	9	7	25	26
1	8	0	0	92.202	25	4	7.798	78	0	1	250	28	13	4	25	31
1	8	0	0	100	25	4	0	0	0	9	100	72	13	4	25	31
1	0	0	0	100	78	0	0	0	0	1	45	28	13	4	25	31
1	7	0	0	75.75	44	0	24.25	42	4	1	206	6	9	4	25	17
1	8	0	0	66.7	26	3	33.3	25	2	13	150	72	14	4	28	31
1	7	8	0	100	25	4	0	0	0	1	4.5	17	13	4	35	23
1	7	8	0	100	25	4	0	0	0	1	4.5	17	13	4	35	17
1	7	8	0	100	25	4	0	0	0	1	4.5	17	13	4	35	31
1	7	16	0	100	78	0	0	0	0	1	1	65	13	3	25	31
1	16	0	0	86.21	79	0	13.79	78	0	8	65	96	9	4.5	30	31
1	16	0	0	84.53	79	0	13.79	78	0	8	65	96	9	4.5	30	31
1	16	0	0	75.58	79	0	12.21	78	0	8	65	96	9	4.5	30	31
1	0	0	0	66.7	80	2	33.3	10	3	1	9	28	13	4	40	31
1	8	15	0	100	47	1	0	0	0	3	1600	72	13	6	20	31
1	8	15	0	100	47	1	0	0	0	3	1600	72	13	4.5	50	23
1	8	15	0	51.15	47	1	48.85	47	0	3	1600	72	13	6	20	31
2	8	15	0	51.15	47	1	48.85	47	0	3	1600	72	13	4.5	50	23
1	8	15	0	100	47	1	0	0	0	1	10	73	13	4	25	31
2	8	15	0	100	47	1	0	0	0	1	10	73	13	4	25	17
1	0	0	0	54.35	46	0	45.66	28	2	1	40	28	13	5	25	31
1	0	0	0	54.35	46	0	45.66	28	2	1	40	28	13	5	25	17
1	8	0	0	66.7	26	3	33.3	12	2	1	220	80	13	4	45	31
1	8	0	0	66.7	26	3	33.3	12	2	1	220	80	13	4	45	5
1	8	0	0	66.7	26	3	33.3	12	2	1	220	80	13	4	45	17
1	8	0	0	66.7	26	3	33.3	28	2	1	200	80	13	4	45	31
1	8	0	0	66.7	26	3	33.3	28	2	1	200	80	13	4	45	5
1	8	0	0	66.7	26	3	33.3	28	2	1	200	80	13	4	45	17
2	8	0	0	50	46	0	33.33	26	3	1	9	47	13	4	40	31
1	8	0	0	50	46	0	33.33	26	3	1	9	47	13	4	40	17
1	7	0	0	5.84	46	0	94.16	77	0	3	19.2	97	13	4	22	31
1	7	0	0	5.84	46	0	94.16	77	0	3	19.2	97	13	4	22	17
1	7	0	0	16.04	46	0	83.96	77	0	3	8.4	97	13	4	22	31
1	7	0	0	16.04	46	0	83.96	77	0	3	8.4	97	13	4	22	17
1	7	0	0	2.15	46	0	97.85	77	0	3	52.2	97	13	4	22	31
1	7	0	0	2.15	46	0	97.85	77	0	3	52.2	97	13	4	22	17
1	7	0	0	100	46	0	0	0	0	3	18	97	13	4	22	31
1	7	0	0	100	46	0	0	0	0	3	18	97	13	4	22	17
1	8	0	0	66.7	27	3	66.7	27	3	1	100	72	13	4	37	31
1	8	0	0	66.7	27	3	66.7	27	3	1	100	72	13	4	37	17
1	8	0	0	66.7	27	3	66.7	27	3	1	100	72	13	4	37	31
1	8	0	0	100	77	0	0	0	0	1	24.05	72	9	4	25	17
1	8	0	0	100	77	0	0	0	0	1	24.05	72	9	4	25	31
1	8	16	0	63.4	26	3	31.7	26	2	1	10	35	14	4.4	25	31
1	8	16	0	63.4	26	3	31.7	26	2	1	10	35	14	4.4	25	17
1	8	16	0	66.7	26	3	33.3	26	2	1	10	35	14	4.4	25	31
1	8	16	0	66.7	26	3	33.3	26	2	1	10	35	14	4.4	25	17
1	7	8	0	62.33	26	3	31.17	26	2	1	35	74	9	5.2	25	31
1	7	8	0	62.33	26	3	31.17	26	2	1	6	74	9	5.2	25	31
1	7	0	0	64.65	78	0	35.35	46	0	1	4	74	9	5.2	25	31
1	7	8	0	66.7	26	3	33.3	26	2	1	10	74	9	5.2	25	31
1	8	0	0	100	22	4	0	0	0	1	20	25	13	4	30	31
1	7	8	0	55.14	25	4	44.86	23	5	8	200	38	10	7.4	25	16
1	7	8	0	55.14	25	4	44.86	23	5	8	200	38	10	7.4	25	17
1	0	0	0	100	78	0	0	0	0	6	 inf	52	13	4.4	25	31
1	0	0	0	100	78	0	0	0	0	6	 inf	52	13	4.4	25	17
1	0	0	0	100	46	0	0	0	0	7	 inf	52	13	4.4	25	31
1	0	0	0	100	46	0	0	0	0	7	 inf	52	13	4.4	25	17
1	0	0	0	84.87	78	0	15.13	46	0	7	16	52	13	4.4	25	31
1	0	0	0	84.87	78	0	15.13	46	0	7	16	52	13	4.4	25	17
1	0	0	0	75	78	0	25	46	0	7	 inf	52	13	4.4	25	31
1	0	0	0	75	78	0	25	46	0	7	 inf	52	13	4.4	25	17
1	0	0	0	75	78	0	25	46	0	6	 inf	52	13	4.4	25	31
1	0	0	0	75	78	0	25	46	0	6	 inf	52	13	4.4	25	17
2	8	0	0	66.7	26	3	33.3	26	2	1	500	72	13	4.5	25	31
2	7	8	0	66.7	26	3	33.3	26	2	1	500	8	13	4.5	25	31
2	7	8	0	66.7	26	3	33.3	26	2	1	500	61	13	4.5	25	31
2	8	0	0	66.7	26	3	33.3	26	2	1	500	72	13	4.5	25	17
1	7	8	0	66.7	26	3	33.3	26	2	1	500	8	13	4.5	25	17
1	7	8	0	66.7	26	3	33.3	26	2	1	500	61	13	4.5	25	17
1	7	8	0	66.7	26	3	33.3	26	2	1	500	86	13	4.5	25	17
1	7	8	0	66.7	26	3	33.3	26	2	1	500	3	13	4.5	25	17
1	7	8	0	66.7	26	3	33.3	26	2	1	500	64	13	4.5	25	17
1	7	8	0	66.7	26	3	33.3	26	2	1	500	63	13	4.5	25	17
1	7	8	0	66.7	26	3	33.3	26	2	1	500	115	13	4.5	25	17
1	7	8	0	66.7	26	3	33.3	26	2	1	500	102	13	4.5	25	17
1	7	8	0	66.7	26	3	33.3	26	2	1	500	110	13	4.5	25	17
1	7	8	0	66.7	26	3	33.3	26	2	1	500	91	13	4.5	25	17
1	7	8	0	66.7	26	3	33.3	26	2	1	500	113	13	4.5	25	17
1	7	8	0	66.7	26	3	33.3	26	2	1	500	112	13	4.5	25	17
1	7	8	0	66.7	26	3	33.3	26	2	1	500	44	13	4.5	25	17
1	7	8	0	66.7	26	3	33.3	26	2	1	500	43	13	4.5	25	17
1	7	8	0	66.7	26	3	33.3	26	2	1	500	1	13	4.5	25	17
1	7	8	0	66.7	26	3	33.3	26	2	1	500	13	13	4.5	25	17
1	7	8	0	66.7	26	3	33.3	26	2	1	500	5	13	4.5	25	17
1	7	8	0	66.7	26	3	33.3	26	2	1	500	11	13	4.5	25	17
1	8	16	0	66.7	26	3	33.3	26	2	1	500	2	13	4.5	25	17
1	8	16	0	66.7	26	3	33.3	26	2	1	500	66	13	4.5	25	17
1	8	0	0	100	58	4	0	0	0	1	5	28	13	4	25	5
1	8	0	0	100	58	4	0	0	0	1	5	28	13	4	25	31
1	7	9	0	100	58	4	0	0	0	1	5	40	13	4	25	5
1	7	9	0	100	58	4	0	0	0	1	5	40	13	4	25	31
1	0	0	0	100	78	0	0	0	0	1	2.5	28	10	5	25	31
1	0	0	0	100	78	0	0	0	0	1	2.5	28	10	5	25	17
1	8	0	0	66.7	26	3	33.3	26	2	1	34.4	28	13	4	25	31
1	8	0	0	66.7	26	3	33.3	26	2	1	34.4	28	13	4	25	5
1	8	0	0	66.7	26	3	33.3	26	2	1	42.1	24	13	4	25	31
1	8	0	0	66.7	26	3	33.3	26	2	1	42.1	24	13	4	25	5
1	7	8	16	66.7	26	3	33.3	26	2	1	40.6	59	13	4	25	31
1	7	8	16	66.7	26	3	33.3	26	2	1	40.6	59	13	4	25	5
1	7	8	0	66.7	26	3	33.3	26	2	1	40.1	45	13	4	25	31
1	7	8	0	66.7	26	3	33.3	26	2	1	40.1	45	13	4	25	5
1	7	8	0	66.7	26	3	33.3	26	2	1	46.2	88	13	4	25	31
1	7	8	0	66.7	26	3	33.3	26	2	1	46.2	88	13	4	25	5
1	7	8	0	66.7	26	3	33.3	26	2	1	43.7	84	13	4	25	31
1	7	8	0	66.7	26	3	33.3	26	2	1	43.7	84	13	4	25	5
1	8	0	0	40.28	26	3	20.14	26	2	1	11.5	72	13	4	40	31
1	8	0	0	40.28	26	3	20.14	26	2	1	11.5	72	13	4	40	17
1	7	8	15	66.7	26	3	33.3	26	2	1	13	14	9	7.4	30	31
1	7	8	15	66.7	26	3	33.3	26	2	1	13	14	9	7.4	30	17
2	8	0	0	66.7	26	3	33.3	26	2	1	570	72	17	7	25	6
1	7	8	15	66.7	26	3	33.3	26	2	1	582	9	17	7	25	6
1	8	0	0	100	26	3	0	0	0	1	21.3	47	13	3.6	25	31
1	8	0	0	100	26	3	0	0	0	1	21.3	47	13	3.6	25	17
1	8	0	0	100	26	3	0	0	0	1	21.3	47	13	3.6	25	5
1	8	0	0	100	26	3	0	0	0	1	21.3	47	13	3.6	25	17
1	8	0	0	100	26	3	0	0	0	1	21.3	0	13	3.6	25	31
1	8	0	0	100	26	3	0	0	0	1	21.3	0	13	3.6	25	17
1	8	0	0	100	26	3	0	0	0	1	21.3	0	13	3.6	25	5
1	8	0	0	100	26	3	0	0	0	1	21.3	0	13	3.6	25	17
1	7	8	15	100	26	3	0	0	0	1	122.4	56	13	5	30	31
2	7	8	15	100	26	3	0	0	0	1	122.4	56	13	5	30	17
2	7	8	16	66.7	27	3	33.33	27	2	1	6.3	10	13	4.5	30	31
2	7	8	16	66.7	27	3	33.33	27	2	1	6.3	10	13	4.5	30	17
1	7	8	16	66.7	26	3	33.33	26	2	1	6.3	10	13	4.5	30	31
2	7	8	16	66.7	26	3	33.33	26	2	1	6.3	10	13	4.5	30	17
2	8	0	0	33.33	26	3	33.3	29	1	1	50	80	13	4	25	31
2	8	0	0	33.33	26	3	33.3	29	1	1	50	80	13	4	25	17
2	8	0	0	33.33	26	3	33.3	29	1	1	50	80	10	8	25	23
2	8	0	0	33.33	26	3	33.3	29	1	1	50	80	10	8	25	17
2	8	0	0	75	26	2	25	26	3	1	2.5	12	0	4	25	31
1	8	0	0	75	26	2	25	26	3	1	2.5	12	0	4	25	17
1	7	8	16	100	26	3	0	0	0	5	110	114	3	4	37	31
1	7	8	16	100	26	3	0	0	0	3	100	22	3	4	37	31
1	7	8	16	100	26	3	0	0	0	8	380	72	3	4	37	31
1	7	8	16	100	26	3	0	0	0	8	330	72	3	4	37	31
1	7	8	16	100	26	3	0	0	0	8	278	72	3	4	37	31
1	7	15	0	100	29	2	0	0	0	7	1474	46	7	6.8	25	1
1	0	0	0	100	78	0	0	0	0	1	5.5	28	13	4.6	25	31
1	0	0	0	100	78	0	0	0	0	6	18.6	28	13	4.6	25	31
1	0	0	0	100	78	0	0	0	0	1	5.5	28	13	4.6	25	17
1	0	0	0	100	78	0	0	0	0	6	18.6	28	13	4.6	25	17
1	7	0	0	57	78	0	43	78	2	1	2	17	9	4	25	31
1	7	0	0	57	78	0	43	78	2	1	2	17	9	4	25	17
1	8	0	0	100	44	4	0	0	0	1	4	0	10	4	25	31
1	8	0	0	100	44	4	0	0	0	1	4	0	10	4	25	17
1	7	0	0	100	79	0	0	0	0	1	 inf	17	13	3	40	31
1	7	0	0	100	79	0	0	0	0	1	 inf	17	13	3	40	17
1	8	0	0	50	23	5	50	58	4	3	15	72	10	7	25	11
1	8	0	0	50	23	5	50	58	4	9	35	72	10	7	25	11
1	8	0	0	50	23	5	50	58	4	3	10	72	10	7	25	11
1	0	0	0	100	26	3	0	0	0	7	11.4	33	13	4.5	25	17
1	0	0	0	100	47	0	0	0	0	1	2.23	60	13	4	10	31
2	16	0	0	66.7	79	0	33.3	78	0	8	60	96	9	1.2	23	4
1	16	0	0	66.7	79	0	33.3	78	0	8	60	96	9	4.6	23	4
1	16	0	0	66.7	79	0	33.3	78	0	8	60	96	9	7.4	23	4
1	16	0	0	66.7	79	0	33.3	78	0	8	60	96	9	9	23	4
1	16	0	0	66.7	79	0	33.3	78	0	8	60	96	9	10	23	4
2	0	0	0	100	79	0	0	0	0	1	5.1	28	13	4	25	31
2	0	0	0	100	79	0	0	0	0	1	5.1	28	13	4	25	17
1	8	0	0	100	27	3	0	0	0	9	240	47	16	7	25	6
1	7	8	0	100	27	3	0	0	0	9	240	48	16	7	25	6
1	8	0	0	100	27	3	0	0	0	9	240	47	16	7	25	17
1	7	8	0	100	27	3	0	0	0	9	240	48	16	7	25	17
1	7	8	0	66.7	26	3	33.3	26	2	7	4	51	13	6.5	25	31
1	7	8	0	66.7	26	3	33.3	26	2	7	4	51	13	6.5	25	17
1	8	0	0	53.99	26	3	27	26	2	1	6	47	5	5	25	31
1	8	0	0	53.99	26	3	27	26	2	1	6	47	5	5	25	17
1	8	0	0	100	78	0	0	0	0	1	5.3	99	3	5	25	31
2	8	0	0	100	78	0	0	0	0	1	5.3	99	3	5	25	17
2	7	14	0	100	79	0	0	0	0	1	5	50	9	5	25	31
2	7	14	0	100	79	0	0	0	0	1	5	50	9	5	25	17
1	0	0	0	100	78	0	0	0	0	8	2.8	28	5	4	25	31
1	0	0	0	100	78	0	0	0	0	8	2.8	28	5	4	25	17
1	0	0	0	66.7	26	3	33.33	26	2	1	5	72	13	4	25	31
1	8	0	0	66.7	26	3	33.33	26	2	1	5	47	13	4	25	31
2	8	0	0	66.7	26	3	33.33	26	2	1	5	47	13	4	25	31
2	0	0	0	100	78	0	0	0	0	1	4	72	13	4	25	31
2	8	0	0	100	78	0	0	0	0	1	4	47	13	4	25	31
2	8	0	0	45.84	26	3	31.24	78	0	1	4.5	47	13	4	25	31
2	8	0	0	50	26	3	25	78	0	1	4.5	47	13	4	25	31
2	8	0	0	100	78	0	0	0	0	1	50	47	10	5	30	31
2	8	0	0	100	78	0	0	0	0	1	50	47	10	5	30	17
2	7	8	0	100	28	2	0	0	0	8	65	72	13	3.8	40	17
2	7	8	0	100	28	2	0	0	0	8	65	72	13	3.8	40	31
2	7	8	0	100	28	2	0	0	0	8	65	56	13	3.8	45	17
2	7	8	0	100	28	2	0	0	0	8	65	56	13	3.8	45	31
2	8	14	0	100	79	0	0	0	0	1	4.46	104	10	4	35	31
2	14	0	0	100	79	0	0	0	0	1	4.46	104	10	4	35	17
2	14	0	0	100	79	0	0	0	0	1	4.46	104	10	4	35	31
2	8	0	0	66.7	27	3	33.3	27	2	3	5	15	13	5	25	31
2	8	0	0	66.7	27	3	33.3	27	2	3	5	15	13	5	25	17
2	0	0	0	100	44	0	0	0	0	7	25	72	13	3.2	25	31
1	0	0	0	100	44	0	0	0	0	7	25	72	13	3.2	25	17
1	0	0	0	100	44	0	0	0	0	7	25	72	9	7.4	25	31
2	0	0	0	100	44	0	0	0	0	7	25	72	9	7.4	25	21
2	8	0	0	50.38	25	4	33.1	26	3	6	1000	0	13	4.5	25	31
2	8	0	0	100	25	4	0	0	0	9	 inf	0	13	4.5	25	31
2	8	0	0	53.92	29	0	46.08	46	0	1	4.36	99	13	4	35	31
2	8	0	0	53.92	29	0	46.08	46	0	1	4.36	99	13	4	35	17
2	8	0	0	100	29	0	0	0	0	1	5.83	99	13	4	35	31
2	8	0	0	100	29	0	0	0	0	1	5.83	99	13	4	35	17
2	8	0	0	100	46	0	0	0	0	1	6.67	99	13	4	35	31
2	8	0	0	100	46	0	0	0	0	1	6.67	99	13	4	35	17
2	7	0	0	55.97	29	2	44.03	46	0	1	6.7	21	13	4	35	31
2	7	0	0	55.97	29	2	44.03	46	0	1	6.7	21	13	4	35	17
2	16	0	0	94.51	42	4	3.21	29	0	1	7.94	69	13	4	35	31
2	16	0	0	94.51	42	4	3.21	29	0	1	7.94	69	13	4	35	17
2	0	0	0	100	78	0	0	0	0	1	9.9	28	19	7	25	29
2	0	0	0	100	78	0	0	0	0	1	41.1	28	19	7	25	29
2	0	0	0	100	78	0	0	0	0	1	58.3	28	19	7	25	29
2	0	0	0	83.33	78	0	16.67	0	0	11	40	72	13	4.5	25	31
2	0	0	0	83.33	78	0	16.67	0	0	11	40	72	13	4.5	25	17
2	0	0	0	100	46	0	0	0	0	11	40	72	13	4.5	25	31
2	0	0	0	100	46	0	0	0	0	11	40	72	13	4.5	25	17
2	0	0	0	75	79	0	25	78	0	1	22.5	30	19	7	25	31
2	0	0	0	50	78	0	50	79	0	1	23.6	30	19	7	25	31
2	0	0	0	75	78	0	25	79	0	1	25	30	19	7	25	31
2	0	0	0	85	78	0	15	79	0	1	37.5	30	19	7	25	31
2	0	0	0	100	78	0	0	0	0	1	42.5	30	19	7	25	31
2	7	0	0	100	26	3	0	0	0	8	 inf	78	13	4	25	31
1	7	0	0	100	26	3	0	0	0	1	7	71	13	3.5	30	31
1	8	0	0	66.7	25	3	33.3	25	2	15	150	72	13	3.5	35	31
1	8	0	0	62	58	4	38	58	3	1	5	72	13	4	25	5
1	7	9	0	55	58	4	45	58	3	1	20	40	13	4	25	5
1	8	0	0	62	58	4	38	58	3	1	5	72	13	4	25	31
1	7	9	0	55	58	4	45	58	3	1	20	40	13	4	25	31
1	7	8	0	100	22	4	0	0	0	1	5.23	23	9	5	25	31
1	7	8	15	100	42	6	0	0	0	1	5.7	37	19	7	25	28
1	8	0	0	100	25	4	0	0	0	6	500	72	13	5	25	31
1	8	16	0	93.73	27	2	6.26	27	3	8	1000	72	9	4	25	31
1	8	0	0	38.33	27	2	31.67	27	3	8	2000	72	13	4	25	31
1	8	0	0	38.33	27	2	31.67	27	3	8	2000	72	13	4	25	31
1	8	0	0	38.33	27	2	31.67	27	3	8	2000	72	13	4	25	17
1	0	0	0	69.14	26	3	30.86	26	2	1	6.5	47	10	12	40	30
1	7	0	0	100	77	0	0	0	0	1	1.4	71	13	4	40	31
1	0	0	0	100	77	0	0	0	0	1	1.4	23	13	4	40	31
2	7	8	0	100	25	4	0	0	0	9	 inf	111	13	4.8	25	31
1	8	0	0	63	25	3	37	25	4	8	785	72	13	4	25	31
1	8	0	0	68	25	4	32	25	3	8	17100	72	13	4	25	31
2	8	0	0	70	25	3	30	25	4	8	450	72	13	4	25	31
2	8	0	0	66.7	25	3	33.3	25	2	1	800	72	13	4	37	31
2	7	8	15	90.9	42	6	9.9	23	5	1	65	42	3	3	25	31
2	7	8	15	90.9	42	6	9.9	23	5	1	65	42	3	4	25	31
2	7	8	15	90.9	42	6	9.9	23	5	1	65	42	3	5	25	31
2	7	8	15	90.9	42	6	9.9	23	5	1	65	42	3	6	25	31
2	7	8	15	90.9	42	6	9.9	23	5	1	65	42	3	7	25	31
2	7	0	0	100	26	3	0	0	0	8	 inf	71	13	4	25	31
2	7	0	0	100	26	3	0	0	0	8	 inf	71	13	4	25	23
2	0	0	0	100	28	2	0	0	0	0	 inf	71	13	4	25	31
2	0	0	0	100	27	3	0	0	0	0	 inf	71	13	4	25	31
2	0	0	0	100	79	0	0	0	0	1	9.81	28	10	7.4	25	15
2	0	0	0	55.97	78	0	44.02	79	0	1	7.9	28	10	7.4	25	15
2	0	0	0	55.97	78	0	44.02	79	0	1	1180	67	10	7.4	25	15
2	8	0	0	100	58	4	0	0	0	0	1	34	13	4	15	31
2	8	0	0	100	58	4	0	0	0	9	 inf	99	13	3.5	35	31
1	8	0	0	50	57	3	50	25	3	8	170	72	13	4	30	31
1	8	0	0	66.67	23	4	33.33	23	5	6	2000	99	13	3	30	31
2	7	9	0	66.67	23	4	33.33	23	5	6	2000	100	13	3	30	31
2	8	0	0	66.67	27	3	33.3	25	3	9	250	23	13	4	30	31
2	8	0	0	66.67	23	4	33.33	23	5	12	 inf	72	13	4.5	30	31
2	8	0	0	66.67	23	4	33.33	23	5	12	 inf	72	13	4.5	30	17
1	8	0	0	100	23	4	0	0	0	9	150	72	13	4	25	31
1	8	0	0	100	23	4	0	0	0	9	150	72	13	4	25	17
2	8	0	0	100	28	2	0	0	0	6	4000	7	13	4	25	31
1	8	0	0	100	28	2	0	0	0	6	4000	7	13	4	25	17
1	8	0	0	100	28	2	0	0	0	6	4000	72	13	4	25	31
2	8	0	0	100	28	2	0	0	0	6	4000	72	13	4	25	17
2	8	0	0	95.19	22	4	3.46	58	3	7	25.9	72	3	4	27	31
2	8	0	0	95.19	22	4	3.46	58	3	7	25.9	72	3	4	27	17
2	8	0	0	98.63	22	4	1.37	58	3	7	22.8	72	3	4	27	31
1	8	0	0	98.63	22	4	1.37	58	3	7	22.8	72	3	4	27	17
1	8	0	0	66.7	27	3	33.3	27	2	1	9000	72	13	4	40	31
1	8	0	0	66.7	27	3	33.3	27	2	1	9000	72	13	4	40	17
1	0	0	0	100	78	0	0	0	0	8	220	30	3	4	20	31
1	0	0	0	100	78	0	0	0	0	8	220	30	3	4	20	17
1	0	0	0	76.4	58	4	23.6	58	3	1	100	72	13	4	25	31
2	16	0	0	67.4	78	0	23.41	42	4	9	 inf	72	10	3.5	30	31
2	16	0	0	67.4	78	0	23.41	42	4	9	 inf	72	10	3.5	30	17
2	0	0	0	80	79	0	20	78	0	8	102	30	13	5	40	10
2	0	0	0	80	79	0	20	78	0	8	102	30	13	5	40	12
2	0	0	0	80	79	0	20	78	0	8	102	30	13	5	40	25
2	7	0	0	55	78	0	45	78	2	1	2.5	27	13	5	37	31
2	0	0	0	100	47	0	0	0	0	1	21	23	13	4	25	31
1	8	16	0	66.6	27	3	33.3	28	2	6	800	99	13	4	25	31
1	8	0	0	100	58	4	0	0	0	1	2	72	13	4.2	20	15
1	7	8	15	100	58	4	0	0	0	1	1000	36	13	4.2	20	15
1	0	0	0	100	47	0	0	0	0	7	20	6	19	7	25	31
1	0	0	0	100	78	0	0	0	0	1	13.5	97	13	4.4	40	31
1	0	0	0	100	78	0	0	0	0	1	5.4	97	13	3.8	30	31
1	7	0	0	60	44	4	40	30	2	8	1200	95	13	4	25	31
1	0	0	0	87.9	79	0	12.81	78	0	8	69.5	30	19	7	60	21
1	0	0	0	87.9	79	0	12.81	78	0	8	69.5	30	19	7	30	21
1	0	0	0	87.9	79	0	12.81	78	0	8	69.5	30	19	7	30	21
1	0	0	0	100	79	0	0	0	0	8	66.5	30	19	7	60	21
1	7	0	0	57.14	26	3	42.86	26	2	3	40	23	13	3	20	31
1	7	0	0	57.14	26	3	42.86	26	2	3	40	23	13	3	20	17
1	0	0	0	84.89	79	0	15.11	78	0	8	60	30	17	7	37	14
1	0	0	0	100	79	0	0	0	0	1	13	28	19	7	25	15
1	8	0	0	56	25	4	44	25	2	1	3800	72	10	7	25	23
1	8	0	0	60	25	4	40	25	2	1	3800	72	10	7	25	23
1	7	8	16	100	25	4	0	0	0	9	50	17	13	3.5	37	31
2	7	8	16	100	25	4	0	0	0	9	50	17	13	3.5	37	17
2	7	8	16	100	25	4	0	0	0	9	50	17	13	4	37	15
2	0	0	0	66.7	26	3	33.3	27	2	7	250	57	13	3.5	25	31
1	0	0	0	66.7	26	3	33.3	27	2	7	250	57	13	3.5	25	17
1	0	0	0	66.7	26	3	33.3	27	2	7	250	57	13	3.5	25	31
1	8	0	0	72.97	58	4	27.03	58	3	8	1200	72	13	4	25	31
1	7	0	0	86	27	2	14	27	3	4	750	72	13	4	25	31
1	7	0	0	86	27	2	14	27	3	4	750	72	13	4	25	6
1	7	16	0	59.46	79	0	40.54	83	0	1	13.3	72	16	7	25	6
1	7	16	0	59.46	79	0	40.54	83	0	1	13.3	72	16	7	25	17
1	7	16	0	59.46	79	0	40.54	83	0	1	13.3	41	16	7	25	6
1	7	16	0	59.46	79	0	40.54	83	0	1	13.3	41	16	7	25	17
1	0	0	0	90	79	0	10	78	0	1	11.6	28	16	7	25	6
1	0	0	0	90	79	0	10	78	0	1	11.6	28	16	7	25	17
1	7	8	0	100	25	4	0	0	0	9	250	111	13	5.1	25	31
1	8	0	0	100	25	4	0	0	0	1	565	72	13	5.1	25	31
1	8	0	0	100	25	4	0	0	0	10	 inf	72	13	5.1	25	31
1	8	0	0	100	25	4	0	0	0	8	2000	72	13	5.1	25	31
1	0	0	0	100	79	0	0	0	0	1	13	28	19	7	25	15
1	7	15	0	100	79	0	0	0	0	1	13	107	19	7	25	15
2	7	15	0	100	79	0	0	0	0	1	13	39	19	7	25	15
2	8	0	0	66.7	26	3	33.3	26	2	1	30	72	13	4	25	31
2	7	0	0	66.7	26	3	33.3	26	2	1	195	67	13	4	25	31
1	7	16	0	66.7	26	3	33.3	26	2	1	684	67	13	4	25	31
1	7	0	0	66.7	26	3	33.3	26	2	1	220	67	13	4	25	31
1	7	0	0	66.7	26	3	33.3	26	2	1	711	67	13	4	25	31
1	8	0	0	66.7	26	3	33.3	26	2	1	30	72	13	4	25	5
1	7	0	0	66.7	26	3	33.3	26	2	1	195	67	13	4	25	5
1	7	16	0	66.7	26	3	33.3	26	2	1	684	67	13	4	25	5
2	7	0	0	66.7	26	3	33.3	26	2	1	220	67	13	4	25	5
1	7	0	0	66.7	26	3	33.3	26	2	1	711	67	13	4	25	5
1	8	0	0	66.7	27	3	33.33	27	2	1	83	87	13	6	25	31
1	8	0	0	66.7	27	3	33.33	27	2	1	83	87	13	6	25	17
1	14	0	0	66.7	26	3	33.3	26	2	1	55	104	13	4	25	31
1	14	0	0	66.7	26	3	33.3	26	2	1	55	104	13	4	25	17
1	8	0	0	100	23	3	0	0	0	1	47	23	13	4	40	5
1	8	0	0	100	23	3	0	0	0	1	47	23	13	4	40	17
1	8	0	0	100	23	5	0	0	0	8	5000	72	0	7	25	31
1	8	0	0	100	23	5	0	0	0	8	5000	72	0	7	25	17
1	8	0	0	100	23	5	0	0	0	8	5000	72	0	7	37	15
1	8	0	0	100	25	4	0	0	0	1	50	72	5	3.8	25	5
1	8	0	0	100	25	4	0	0	0	1	50	72	5	3.8	25	31
1	0	0	0	57.37	27	2	42.63	28	2	8	1500	23	10	4	40	31
1	0	0	0	57.37	27	2	42.63	28	2	8	1500	23	10	4	40	17
1	8	0	0	88	58	4	12	58	3	9	 inf	0	0	 inf	25	31
1	8	0	0	88	58	4	12	58	3	9	 inf	0	0	 inf	25	17
1	8	0	0	66.7	23	4	33.3	23	5	9	 inf	72	13	4.5	25	31
1	0	0	0	100	47	1	0	0	0	1	40.05	27	13	4	25	31
1	0	0	0	100	47	1	0	0	0	1	40.05	27	13	4	25	17
1	0	0	0	100	47	1	0	0	0	1	40.05	27	13	7	25	31
1	8	0	0	100	40	4	0	0	0	7	 inf	0	0	4	25	17
2	7	8	0	66.6	27	2	33.3	28	2	8	 inf	90	13	4	25	31
2	7	8	0	66.6	27	2	33.3	28	2	8	 inf	90	13	4	25	17
2	16	0	0	90.91	79	0	9.09	78	0	8	50	96	9	4.5	37	31
1	16	0	0	90.91	79	0	9.09	78	0	8	50	96	9	4.5	37	17
1	16	0	0	73.68	79	0	19.87	78	0	8	50	96	9	4.5	37	31
1	16	0	0	73.68	79	0	19.87	78	0	8	50	96	9	4.5	37	17
1	16	0	0	71.17	79	0	19.22	78	0	8	50	96	9	4.5	37	31
1	16	0	0	71.17	79	0	19.22	78	0	8	50	96	9	4.5	37	17
1	16	0	0	90.91	79	0	9.09	78	0	8	50	96	9	4.5	37	31
1	16	0	0	73.68	79	0	19.87	78	0	8	50	96	9	4.5	37	31
1	16	0	0	71.17	79	0	19.22	78	0	8	50	96	9	4.5	37	31
1	7	0	0	28.57	26	3	21.43	26	2	1	20	96	13	3.6	25	31
1	7	0	0	28.57	26	3	21.43	26	2	1	465	96	13	3.6	25	17
2	8	0	0	53.336	26	3	33.3	26	2	1	15	72	13	4	25	31
2	8	0	0	57.84	26	3	33.3	26	2	1	15	72	13	4	25	17
1	8	0	0	66.67	26	3	33.33	26	2	1	15	72	13	4	25	31
1	8	0	0	66.67	26	3	33.33	26	2	1	15	72	13	4	25	17
2	0	0	0	100	79	0	0	26	3	1	100	23	19	7	25	15
1	8	15	0	66.67	26	3	33.33	26	2	13	5.5	72	13	4	60	31
1	8	15	0	66.67	26	3	33.33	26	2	13	5.5	72	13	4	60	17
1	0	0	0	100	26	3	0	0	0	1	60	104	9	4	37	17
1	7	0	0	57.14	26	3	42.86	26	2	3	50	97	13	3.6	25	31
1	7	0	0	57.14	26	3	42.86	26	2	3	50	97	13	3.6	25	17
1	7	0	0	57.14	26	3	42.86	26	2	3	50	97	13	3.6	25	5
2	7	0	0	57.14	26	3	42.86	26	2	3	50	97	13	3.6	25	17
2	8	17	0	100	83	3	0	0	0	9	100	72	18	7	25	6
2	8	17	0	100	83	3	0	0	0	9	100	72	18	7	25	17
2	8	35	0	100	83	3	0	0	0	9	100	72	18	7	25	6
2	8	35	0	100	83	3	0	0	0	9	100	72	18	7	25	17
2	8	53	0	100	83	3	0	0	0	12	20	72	18	7	25	6
1	8	53	0	100	83	3	0	0	0	12	20	72	18	7	25	17
1	7	8	15	100	26	2	0	0	0	6	1000	97	17	4.5	25	31
2	7	8	15	100	26	2	0	0	0	6	1000	97	17	4.5	25	17
1	7	8	15	100	26	3	0	0	0	6	1000	97	17	4.5	25	31
1	7	8	15	100	26	3	0	0	0	6	1000	97	17	4.5	25	17
2	8	0	0	62.33	47	0	37.67	79	0	9	200	28	18	7.4	25	6
1	0	0	0	62.33	47	0	37.67	79	0	1	200	28	18	7.4	25	17
2	7	0	0	100	26	3	0	0	0	1	 inf	72	13	4	37	31
1	0	0	0	50	47	1	50	23	5	8	1000	80	9	5	25	31
1	8	0	0	50	47	1	50	23	5	8	1000	80	9	5	25	17
1	8	0	0	67.46	58	4	32.54	79	0	1	75	30	3	4	37	31
1	8	0	0	67.46	58	4	32.54	79	0	1	75	30	3	4	37	17
1	8	0	0	77.71	47	0	22.29	79	0	6	100	58	13	4.1	25	31
1	8	0	0	77.71	47	0	22.29	79	0	6	100	58	13	4.1	25	17
1	8	0	0	77.71	47	0	22.29	79	0	1	30	58	13	4.1	25	31
1	8	0	0	77.71	47	0	22.29	79	0	1	30	58	13	4.1	25	17
1	8	0	0	100	79	0	0	0	0	1	12	58	13	4.1	25	31
1	8	0	0	100	79	0	0	0	0	1	12	58	13	4.1	25	17
1	8	0	0	100	58	4	0	0	0	3	22	72	13	4	25	31
1	8	0	0	95	58	4	5	59	3	3	31	72	13	4	25	31
1	8	0	0	90	58	4	10	59	3	3	27	72	13	4	25	31
1	8	0	0	85	58	4	15	59	3	3	27	72	13	4	25	31
1	8	0	0	80	58	4	20	59	3	8	 inf	72	13	4	25	31
1	8	0	0	30.41	25	2	30.41	25	2	1	800	72	13	4	25	31
1	8	0	0	33.33	12	2	33.33	12	2	1	220	80	13	4	45	31
1	8	0	0	33.33	12	2	33.33	12	2	1	220	80	13	4	45	5
1	8	0	0	33.33	12	2	33.33	12	2	1	220	80	13	4	45	17
1	8	0	0	33.33	28	2	33.33	28	2	1	200	80	13	4	45	31
1	8	0	0	33.33	28	2	33.33	28	2	1	200	80	13	4	45	5
1	8	0	0	33.33	28	2	33.33	28	2	1	200	80	13	4	45	17
1	8	0	0	89	29	2	11	30	2	1	135	72	13	4.65	25	31
1	8	0	0	89	29	2	11	30	2	1	135	72	13	4.65	25	17
1	8	0	0	100	29	2	0	0	0	8	50	72	13	4.65	25	31
1	8	0	0	100	29	2	0	0	0	8	50	72	13	4.65	25	17
1	17	0	0	50	29	0	50	78	0	1	4.5	26	3	4	37	31
1	0	0	0	55.56	27	2	44.44	27	3	5	200	57	13	4.5	35	31
1	8	0	0	50	25	4	50	78	0	1	250	28	13	4	25	31
2	8	0	0	50	25	4	50	78	0	9	100	72	13	4	25	31
2	0	0	0	50	25	4	50	78	0	1	45	28	13	4	25	31
2	8	0	0	77	26	3	23	26	2	1	35	28	10	9	25	6
2	0	0	0	35.5	26	3	23.5	25	3	1	75	28	10	9	25	6
2	0	0	0	32	25	4	24.67	25	3	1	51	28	10	9	25	6
2	0	0	0	43.5	25	4	17.25	26	3	1	39	28	10	9	25	6
2	8	0	0	76	25	4	17	25	3	1	65	28	10	9	25	6
2	8	0	0	100	25	3	0	0	0	8	60	97	13	4	25	31
1	7	0	0	100	29	0	0	0	0	1	2.5	72	13	4	40	31
2	7	0	0	100	29	0	0	0	0	1	2.5	72	13	4	40	17
2	7	0	0	100	29	0	0	0	0	1	2.5	72	10	6	40	4
1	8	0	0	100	29	2	0	0	0	1	6.8	72	10	7	45	4
2	8	0	0	100	29	2	0	0	0	1	6.3	72	10	4	37	31
1	8	0	0	100	29	2	0	0	0	1	6.3	72	10	4	37	17
2	8	0	0	66.6	25	3	33.3	25	2	13	150	72	13	3	 inf	31
1	8	0	0	66.6	26	3	33.3	26	2	1	150	80	13	3.6	37	31
1	0	0	0	100	79	0	0	0	0	1	150	28	13	3.6	37	31
1	8	0	0	66.67	27	3	33.3	24	2	9	 inf	80	13	4	35	31
1	8	0	0	66.67	27	3	33.3	24	2	9	 inf	80	13	4	35	17
1	8	0	0	100	29	1	0	0	0	3	1000	72	19	7	25	23
1	8	0	0	71.43	29	1	28.57	29	0	1	2000	23	19	7	25	23
1	8	0	0	71.43	29	1	28.57	29	0	1	2000	23	19	7	25	23
1	8	0	0	57.14	29	2	42.86	29	0	7	30	72	7	5.5	25	13
1	8	0	0	57.14	29	2	42.86	29	1	7	30	72	9	7.4	25	23
1	8	0	0	57.14	29	2	42.86	29	1	7	30	72	13	5	25	31
1	8	0	0	57.14	29	2	42.86	29	1	7	30	72	6	7.2	25	22
1	8	0	0	66.67	26	3	33.33	28	2	1	32	72	4	7	25	23
1	8	0	0	66.67	26	3	33.33	30	2	1	10	72	4	7	25	23
1	8	0	0	66.67	26	3	33.33	25	2	1	18	72	4	7	25	23
1	8	0	0	66.67	26	3	33.33	27	2	1	15	72	4	7	25	23
2	0	0	0	75	27	2	25	26	3	9	100	72	13	4	37	31
1	8	0	0	51.28	58	4	48.72	46	0	7	32	97	13	4	37	31
1	7	15	0	100	79	0	0	0	0	1	2.25	19	13	4	10	31
1	8	0	0	68.97	25	4	31.03	20	2	7	 inf	72	13	5	25	31
1	8	0	0	68.97	25	4	31.03	20	2	7	 inf	72	13	5	25	15
1	8	14	0	66.67	27	3	33.33	27	2	1	15	68	13	4	40	31
1	8	14	0	66.67	27	3	33.33	27	2	1	15	68	13	4	40	17
1	7	15	0	66.67	23	5	33.33	42	6	1	100	42	13	4	25	31
1	7	15	0	66.67	23	5	33.33	42	6	1	100	42	13	4	25	17
1	8	0	0	62.2	58	4	22.99	79	0	7	10	72	13	5	45	31
1	8	0	0	62.2	58	4	22.99	79	0	7	10	72	13	5	45	17
2	7	0	0	100	78	0	0	0	0	1	20.62	92	13	4	40	31
2	7	0	0	100	78	0	0	0	0	1	2.45	28	13	4	40	31
1	7	0	0	100	47	0	0	0	0	1	100	29	13	5	37	31
1	7	0	0	100	47	0	0	0	0	7	100	29	13	5	37	17
1	8	0	0	66.67	27	3	33.33	27	2	6	360	72	13	4.5	30	31
1	8	0	0	66.67	27	3	33.33	27	2	6	360	72	13	5	35	31
1	8	0	0	66.67	27	3	33.33	27	2	6	360	72	13	5	35	17
1	8	0	0	66.67	27	3	33.33	27	2	7	10	99	13	3.5	30	31
1	8	0	0	66.67	27	3	33.33	27	2	7	10	99	13	3.5	30	17
2	8	0	0	66.67	27	3	33.33	27	2	7	10	72	13	3.5	30	31
1	8	0	0	66.67	27	3	33.33	27	2	7	10	72	13	3.5	30	17
1	7	0	0	54.55	58	4	45.45	58	3	3	225	72	13	4	25	31
2	7	0	0	54.55	58	4	45.45	58	3	3	225	72	13	4	25	31
2	7	0	0	54.55	58	4	45.45	58	3	3	225	72	13	4	25	17
2	7	0	0	100	78	0	0	0	0	1	30	97	13	4	35	31
2	7	15	0	100	79	0	0	0	0	1	12	36	17	7.4	37	15
2	7	0	0	100	26	3	0	0	0	4	120	72	13	3.5	37	31
1	0	0	0	100	78	0	0	0	0	1	5.9	106	10	4.5	37	0
1	7	16	0	57	78	4	42	78	0	1	4.8	59	10	3.5	37	31
2	8	0	0	52.17	29	1	47.83	25	3	9	100	72	13	4.5	25	31
1	8	0	0	52.17	29	1	47.83	25	3	9	100	72	13	4.5	25	17
1	0	0	0	74.36	26	3	25.64	58	4	8	1000	20	13	4	25	31
1	8	0	0	90.91	26	3	9.09	79	0	3	85	97	13	3.5	25	31
1	8	0	0	90.91	26	3	9.09	79	0	3	85	97	13	3.5	25	17
2	7	16	17	48.45	78	0	34.53	42	4	9	12.8	76	13	5.5	50	31
2	7	16	17	48.45	78	0	34.53	42	4	9	12.8	76	13	5.5	50	17
1	8	0	0	100	58	4	0	0	0	1	18.9	72	9	6.5	25	13
1	8	0	0	100	58	4	0	0	0	1	18.9	72	9	6.5	25	10
1	8	16	14	65.99	58	3	34.01	58	4	1	3.5	80	9	5.5	25	17
1	8	16	14	65.99	58	3	34.01	58	4	1	3.5	80	9	5.5	50	17
2	0	0	0	72.89	77	0	27.11	77	3	1	1.5	28	13	3.86	25	31
1	0	0	0	72.89	77	0	27.11	77	3	1	1.5	28	13	3.86	25	17
2	0	0	0	72.89	77	0	27.11	77	3	1	1.5	28	13	3.86	25	17
1	0	0	0	72.89	77	0	27.11	77	3	1	1.5	28	13	3.86	25	17
1	7	8	16	100	25	4	0	0	0	12	 inf	103	11	5	25	31
1	7	8	16	100	25	4	0	0	0	12	 inf	103	11	5	25	31
1	7	8	16	100	25	4	0	0	0	12	 inf	103	11	5	25	23
1	7	8	16	100	25	4	0	0	0	12	 inf	103	11	5	25	23
1	8	0	0	50	26	3	50	38	2	1	 inf	72	13	4.5	40	17
1	8	0	0	50	25	3	25	57	3	1	 inf	72	13	4.5	40	17
1	8	0	0	50	26	3	25	57	3	1	 inf	72	13	4.5	40	17
1	8	0	0	50	57	3	50	25	3	1	 inf	72	13	4.5	40	17
1	8	0	0	100	27	2	0	0	0	1	5	72	13	4.5	40	17
1	8	0	0	50	27	3	50	57	3	1	 inf	72	13	4.5	40	17
1	8	0	0	100	58	4	0	0	0	1	5	72	13	4.5	40	17
1	8	0	0	100	26	3	0	0	0	3	350	97	13	4.5	40	17
1	8	0	0	66.67	26	3	33.3	26	2	1	400	72	13	4.5	40	17
1	8	0	0	100	29	2	0	0	0	1	 inf	72	13	4.5	40	17
2	8	0	0	66.67	27	3	33.33	27	2	3	50	72	13	4.5	40	17
1	8	0	0	100	25	3	0	0	0	3	937	72	13	4.5	40	17
1	8	0	0	100	29	2	0	0	0	3	250	72	13	4.5	40	17
1	7	8	0	100	26	4	0	0	0	12	 inf	72	19	7.4	37	31
1	16	0	0	100	26	4	0	0	0	7	200	72	19	5	45	31
1	16	0	0	100	26	4	0	0	0	7	200	72	19	5	45	17
1	0	0	0	66.67	79	1	33.3	78	2	7	42	80	9	5	37	31
1	0	0	0	66.67	79	1	33.3	78	2	7	42	80	9	5	37	17
2	7	16	0	100	42	4	0	0	0	9	 inf	72	19	4	27.5	31
2	7	16	0	100	42	4	0	0	0	9	 inf	72	19	4	27.5	17
2	7	0	0	100	26	4	0	0	0	9	1.8	72	19	3	40	31
2	7	0	0	100	26	4	0	0	0	9	120	72	19	3.5	37	31
2	8	0	0	75	26	2.67	25	22	4	9	9	99	19	3	45	31
2	8	0	0	75	26	2.67	25	22	4	9	9	99	19	3	45	17
1	7	16	0	100	42	4	0	0	0	8	40	69	19	4	65	31
2	7	16	0	100	42	4	0	0	0	8	40	69	19	4	65	17
1	0	0	0	33.3	79	0	33.3	47	0	7	300	72	19	7	35	31
1	8	0	0	100	27	2.67	0	0	0	6	210	72	19	4	37	5
2	0	0	0	100	79	0	0	0	0	7	1.77	72	19	3.8	25	17
1	0	0	0	100	79	0	0	0	0	7	1.77	72	19	3.8	25	31
1	8	0	0	100	58	4	0	0	0	12	120	72	19	4	25	31
2	8	0	0	50	57	3	50	25	3	8	170	72	13	4	30	31
1	7	0	0	100	78	0	0	0	0	1	2.45	28	13	4	40	31
1	8	0	0	100	58	4	0	0	0	3	22	72	13	4	25	31
1	8	16	0	66.6	27	3	33.3	28	2	6	800	99	13	4	25	31
1	8	0	0	66.6	25	3	33.3	25	2	13	150	72	13	3	27	31
1	16	0	0	90.91	79	0	9.09	78	0	8	50	96	9	4.5	37	31
1	0	0	0	100	77	0	0	0	0	1	2.5	28	1	3.5	25	31
2	8	0	0	94.94	26	3	5.06	78	0	8	140	83	1	4.5	25	31
1	0	0	0	100	78	0	0	0	0	1	30	28	9	7	25	26
2	8	0	0	66.67	26	3	33.3	26	2	1	12.5	83	1	4.5	25	17
1	0	0	0	100	78	0	0	0	0	1	30	28	9	7	25	26
1	8	0	0	100	58	4	0	0	0	7	 inf	75	9	8	25	2
1	8	0	0	100	26	3	0	0	0	1	21.3	47	13	3.6	25	31
1	7	16	0	57	78	4	42	78	0	1	4.8	59	10	3.5	37	31
1	8	0	0	75	26	2	25	26	3	1	2.5	12	 inf	4	25	31
1	16	0	0	100	74	4	0	0	0	9	1000	72	13	4	25	17
1	8	0	0	50	25	4	50	78	0	1	250	28	13	4	25	31
1	8	0	0	100	58	4	0	0	0	8	100	72	19	5.6	25	9
1	8	35	0	100	83	3	0	0	0	1	1500	72	13	4	40	17
1	8	0	0	66.7	26	3	33.3	26	2	1	500	72	13	4.5	25	17
1	15	0	0	100	26	3	0	0	0	1	 inf	23	17	6	55	6
1	7	34	0	100	29	2	0	0	0	9	58	72	13	5	21	17
1	0	0	0	100	29	0	0	0	0	1	 inf	23	19	7	37	23
1	16	0	0	100	23	4	0	0	0	9	4500	72	13	4	25	31
1	8	0	0	66.6	26	3	33.3	26	2	1	150	80	13	3.6	37	31
2	8	0	0	66.7	26	3	33.3	28	2	1	200	80	13	4	45	5
1	7	15	0	100	29	2	0	0	0	12	 inf	14	7	6.7	25	1
1	7	0	0	100	78	0	0	0	0	1	 inf	23	1	4.5	25	17
2	0	0	0	50	26	0	50	78	0	1	28	26	3	3	37	31
1	8	0	0	100	26	3	0	0	0	1	21.3	47	13	3.6	25	31
1	0	0	0	90.91	79	0	9.09	78	0	8	72	96	9	4.5	37	23
1	7	5	0	100	78	0	0	0	0	1	22.5	16	13	4	25	17
1	16	0	0	100	29	2	0	0	0	8	 inf	72	1	4	25	17
1	8	0	0	53.99	26	3	27	26	2	1	6	47	5	5	25	17
1	8	0	0	66.7	26	3	33.3	26	2	1	42.1	24	13	4	25	31
1	7	8	0	66.7	26	3	33.3	26	2	1	500	110	13	4.5	25	17
1	0	0	0	83.33	78	0	16.67	0	0	11	40	72	13	4.5	25	31
1	8	0	0	40.28	26	3	20.14	26	2	1	11.5	72	13	4	40	17
1	8	0	0	66.6	27	3	33.3	27	2	4	1250	72	1	3.5	37	17
1	8	0	0	100	79	0	0	0	0	1	12	58	13	4.1	25	17
1	16	0	0	100	42	4	0	0	0	9	100	72	17	6.9	30	31
1	8	0	0	100	23	4	0	0	0	9	150	72	13	4	25	17
1	7	16	0	59.46	79	0	40.54	83	0	1	13.3	72	16	7	25	6
2	7	8	0	66.7	26	3	33.3	26	2	1	46.2	88	13	4	25	31
1	0	0	0	100	28	2	0	0	0	1	 inf	71	13	4	25	31
1	7	16	0	100	29	2	0	13	3	1	28	68	1	3.8	25	17
2	8	0	0	50	26	3	50	38	2	1	 inf	72	13	4.5	40	17
1	0	0	0	74.36	26	3	25.64	58	4	8	1000	20	13	4	25	31
1	8	0	0	50	26	3	50	38	2	1	 inf	72	13	4.5	40	17
1	8	0	0	66.67	27	3	33.33	27	2	6	360	72	13	5	35	31
1	7	8	15	66.7	26	3	33.3	26	2	1	13	14	9	7.4	30	31
1	8	0	0	66.7	26	3	33.3	26	2	1	8	47	10	4	40	17
1	0	0	0	80	29	0	20	13	3	9	80	23	9	3.5	60	17
